Propriedades
1. Reflexiva: F
(1, 1), (16, 16), (18, 18), (22, 22), (24, 24), (26, 26), (28, 28)
2. Irreflexiva: F
(0, 0), (2, 2), (3, 3), (4, 4), (5, 5), (6, 6), (7, 7), (8, 8), (9, 9), (10, 10), (11, 11), (12, 12), (13, 13), (14, 14), (15, 15), (17, 17), (19, 19), (20, 20), (21, 21), (23, 23), (25, 25), (27, 27), (29, 29)
3. Simetrica: F
(10, 16), (10, 18), (20, 22), (20, 24), (20, 26), (20, 28)
4. Anti-simetrica: V
5. Assimetrica: F
6. Transitiva: V

Relacao de equivalencia: F
Relacao de ordem parcial: F

Fecho reflexivo da relacao:
(0, 0), (1, 1), (2, 2), (3, 3), (4, 4), (5, 5), (6, 6), (7, 7), (8, 8), (9, 9), (10, 10), (11, 11), (12, 12), (13, 13), (14, 14), (15, 15), (16, 10), (16, 16), (17, 17), (18, 10), (18, 18), (19, 19), (20, 20), (21, 21), (22, 20), (22, 22), (23, 23), (24, 20), (24, 24), (25, 25), (26, 20), (26, 26), (27, 27), (28, 20), (28, 28), (29, 29)
Fecho simetrico da relacao:
(0, 0), (2, 2), (3, 3), (4, 4), (5, 5), (6, 6), (7, 7), (8, 8), (9, 9), (10, 10), (10, 16), (10, 18), (11, 11), (12, 12), (13, 13), (14, 14), (15, 15), (16, 10), (17, 17), (18, 10), (19, 19), (20, 20), (20, 22), (20, 24), (20, 26), (20, 28), (21, 21), (22, 20), (23, 23), (24, 20), (25, 25), (26, 20), (27, 27), (28, 20), (29, 29)
Fecho transitivo da relacao: R
