Propriedades
1. Reflexiva: F
(0, 0), (1, 1), (2, 2), (3, 3), (4, 4), (5, 5), (6, 6), (7, 7), (8, 8), (9, 9), (10, 10), (11, 11), (12, 12), (13, 13), (14, 14), (15, 15), (16, 16), (17, 17), (18, 18)
2. Irreflexiva: F
(19, 19)
3. Simetrica: F
(1, 0), (3, 2), (5, 4), (7, 6), (9, 8), (11, 10), (13, 12), (15, 14), (17, 16), (19, 18)
4. Anti-simetrica: V
5. Assimetrica: F
6. Transitiva: V

Relacao de equivalencia: F
Relacao de ordem parcial: F

Fecho reflexivo da relacao:
(0, 0), (0, 1), (1, 1), (2, 2), (2, 3), (3, 3), (4, 4), (4, 5), (5, 5), (6, 6), (6, 7), (7, 7), (8, 8), (8, 9), (9, 9), (10, 10), (10, 11), (11, 11), (12, 12), (12, 13), (13, 13), (14, 14), (14, 15), (15, 15), (16, 16), (16, 17), (17, 17), (18, 18), (18, 19), (19, 19)
Fecho simetrico da relacao:
(0, 1), (1, 0), (2, 3), (3, 2), (4, 5), (5, 4), (6, 7), (7, 6), (8, 9), (9, 8), (10, 11), (11, 10), (12, 13), (13, 12), (14, 15), (15, 14), (16, 17), (17, 16), (18, 19), (19, 18), (19, 19)
Fecho transitivo da relacao: R
