Propriedades
1. Reflexiva: F
(0, 0), (1, 1), (2, 2), (3, 3), (4, 4), (5, 5)
2. Irreflexiva: V
3. Simetrica: F
(0, 2), (1, 0), (2, 1), (3, 5), (4, 3), (5, 4)
4. Anti-simetrica: F
((0, 5), (5, 0))
5. Assimetrica: F
6. Transitiva: F
(0, 0), (0, 2), (0, 3), (1, 0), (2, 1), (2, 5), (3, 5), (4, 0), (4, 3), (5, 1), (5, 4), (5, 5)

Relacao de equivalencia: F
Relacao de ordem parcial: F

Fecho reflexivo da relacao:
(0, 0), (0, 1), (0, 5), (1, 1), (1, 2), (2, 0), (2, 2), (3, 3), (3, 4), (4, 4), (4, 5), (5, 0), (5, 3), (5, 5)
Fecho simetrico da relacao:
(0, 1), (0, 2), (0, 5), (1, 0), (1, 2), (2, 0), (2, 1), (3, 4), (3, 5), (4, 3), (4, 5), (5, 0), (5, 3), (5, 4)
Fecho transitivo da relacao:
(0, 0), (0, 1), (0, 2), (0, 3), (0, 4), (0, 5), (1, 0), (1, 1), (1, 2), (1, 3), (1, 4), (1, 5), (2, 0), (2, 1), (2, 2), (2, 3), (2, 4), (2, 5), (3, 0), (3, 1), (3, 2), (3, 3), (3, 4), (3, 5), (4, 0), (4, 1), (4, 2), (4, 3), (4, 4), (4, 5), (5, 0), (5, 1), (5, 2), (5, 3), (5, 4), (5, 5)
